Reacoes de apoio [N]
[3900. 2900. 1600.]

Deslocamentos [m]
[ 0.          0.          0.00100474 -0.00431173  0.00035977 -0.00466313
  0.00025974 -0.00443928  0.00055859 -0.00463759 -0.00032427 -0.00424778
  0.00116451  0.        ]

Deformacoes []
[-0.006395160798291635, -0.00449315176480535, -0.0037764527074784027, -0.0035283645713598505, -0.000755612401700533, 0.0007556123999340562, 0.0019112549073948392, -0.0019112549107006295, 0.0018737949613627145, 0.0010355182658620388, 0.0031558652123850157]

Forcas internas [N]
[-6484.597122055742, -4555.988492236152, -3829.266398592488, -3577.7087498903184, -766.1796411383148, 766.179639347134, 1937.9838072747557, -1937.983810626778, 1899.999983897372, 1049.9999888101195, 3199.9999873802194]

Tensoes internas [Pa]
[-1235161356.5820463, -867807331.8545052, -729384075.9223787, -681468333.3124416, -145938979.26444092, 145938978.9232636, 369139772.8142392, -369139773.4527196, 361904758.8375947, 199999997.8685942, 609523807.1200418]